[gd_scene load_steps=6 format=2]

[ext_resource path="res://Assets/Floor/brick_4_diff_1k.png" type="Texture" id=1]
[ext_resource path="res://Assets/Cars/Caterham7/Car.tscn" type="PackedScene" id=2]

[sub_resource type="BoxShape" id=1]

[sub_resource type="SpatialMaterial" id=2]
albedo_texture = ExtResource( 1 )
uv1_scale = Vector3( 1000, 1000, 1 )

[sub_resource type="PlaneMesh" id=3]
material = SubResource( 2 )
size = Vector2( 1000, 1000 )

[node name="Main" type="Spatial"]

[node name="Car" parent="." instance=ExtResource( 2 )]
transform = Transform( 0.678583, 0, 0.734524, 0, 1, 0, -0.734524, 0, 0.678583, 0, 0, 0 )

[node name="Ground" type="StaticBody" parent="."]

[node name="CollisionShape" type="CollisionShape" parent="Ground"]
transform = Transform( 1000, 0, 0, 0, 1, 0, 0, 0, 1000, 0, 0, 0 )
shape = SubResource( 1 )

[node name="MeshInstance" type="MeshInstance" parent="Ground"]
mesh = SubResource( 3 )
material/0 = null

[node name="DirectionalLight" type="DirectionalLight" parent="."]
transform = Transform( -0.999721, -0.0183972, 0.0148012, 0, 0.626849, 0.779141, -0.0236121, 0.778924, -0.626674, 0, 4.8103, 0 )
shadow_enabled = true

[node name="Camera" type="Camera" parent="."]
transform = Transform( 1, 0, 0, 0, 0.902367, 0.430968, 0, -0.430968, 0.902367, 0, 2.79484, 5.40108 )
