[gd_scene load_steps=6 format=2]

[ext_resource path="res://Assets/Cars/Caterham7/Car.tscn" type="PackedScene" id=1]
[ext_resource path="res://Assets/Floor/brick_4_diff_1k.png" type="Texture" id=2]

[sub_resource type="SpatialMaterial" id=1]
albedo_texture = ExtResource( 2 )
uv1_scale = Vector3( 1000, 1000, 1 )

[sub_resource type="CubeMesh" id=2]
material = SubResource( 1 )
size = Vector3( 100, 0, 100 )

[sub_resource type="ConcavePolygonShape" id=3]
data = PoolVector3Array( -50, 0, 50, 50, 0, 50, -50, 0, 50, 50, 0, 50, 50, 0, 50, -50, 0, 50, 50, 0, -50, -50, 0, -50, 50, 0, -50, -50, 0, -50, -50, 0, -50, 50, 0, -50, 50, 0, 50, 50, 0, -50, 50, 0, 50, 50, 0, -50, 50, 0, -50, 50, 0, 50, -50, 0, -50, -50, 0, 50, -50, 0, -50, -50, 0, 50, -50, 0, 50, -50, 0, -50, 50, 0, 50, -50, 0, 50, 50, 0, -50, -50, 0, 50, -50, 0, -50, 50, 0, -50, -50, 0, 50, 50, 0, 50, -50, 0, -50, 50, 0, 50, 50, 0, -50, -50, 0, -50 )

[node name="Spatial" type="Spatial"]

[node name="Car" parent="." instance=ExtResource( 1 )]
transform = Transform( 0.863994, 0, -0.503503, 0, 1, 0, 0.503503, 0, 0.863994, 0, 0.0386744, 0 )

[node name="StaticBody" type="StaticBody" parent="."]

[node name="MeshInstance" type="MeshInstance" parent="StaticBody"]
transform = Transform( 10, 0, 0, 0, 1, 0, 0, 0, 10, 0, 0, 0 )
mesh = SubResource( 2 )
material/0 = null

[node name="CollisionShape" type="CollisionShape" parent="StaticBody"]
shape = SubResource( 3 )

[node name="DirectionalLight" type="DirectionalLight" parent="."]
transform = Transform( 1, 0, 0, 0, 0.901893, 0.43196, 0, -0.43196, 0.901893, 18.0085, 4.63774, 0 )
shadow_enabled = true

[node name="Camera" type="Camera" parent="."]
transform = Transform( 1, 0, 0, 0, 0.9907, 0.136061, 0, -0.136061, 0.9907, 0, 1.67551, 4.67319 )
